muav(1) = 0.0001;
musv(1) = 1.0000;
  gv(1) = 1.0000;

muav(2) = 0.4835;
musv(2) = 199.1959;
  gv(2) = 0.9547;

muav(3) = 0.9466;
musv(3) = 108.5651;
  gv(3) = 0.9547;

